pre-training...
adversarial training...
epoch:	0	reward:	0.5971855163574219
epoch:	5	reward:	0.49540343284606936
epoch:	10	reward:	0.1557140827178955
